20081025	1937	668	2.89926657686
20090607	5	1	4.54545454545
20090608	17	6	2.7868852459
20090611	59026	18483	3.19351191088
20090612	250142	75281	3.32277291379
20090613	206251	65085	3.16894342945
20090614	197863	63439	3.11894399511
20090615	222838	70308	3.16944989269
20090616	201684	64993	3.10316018162
20090617	190211	59674	3.1874967532
20090618	173804	54244	3.20410883396
20090619	172887	52304	3.30541965161
20090620	182366	59095	3.08597497931
20090621	218067	64472	3.38234678256
20090622	189280	60538	3.12662604211
20090623	196496	64118	3.06459486479
20090624	135610	43779	3.09759679847
20090625	249822	85357	2.92678640675
20090626	237360	81995	2.89480712872
20090627	237196	73618	3.22197937735
20090628	157573	49943	3.15505044741
20090629	229868	75433	3.04730947025
20090630	241193	76398	3.15705495294
20090701	269453	84255	3.19806160102
20090702	162613	49490	3.28576826476
20090703	60700	16249	3.73559150968
20090704	47028	13540	3.47323875008
20090705	44834	12612	3.55484019315
20090706	113255	35305	3.20789347715
20090707	224758	72627	3.09468504181
20090708	113508	35803	3.17033999849
20090709	59580	17784	3.35018359096
20090710	148998	46910	3.17624562727
20090711	245320	79094	3.10162199203
20090712	158284	50845	3.11306300902
20090713	81645	26419	3.09037779485
20090714	217146	66849	3.24830102425
20090715	13	4	3.17073170732
20090716	101570	30829	3.29461450383
20090717	123275	38595	3.1940583131
20090718	248958	78332	3.17823727437
20090719	239344	74658	3.20586781608
20090720	195060	61622	3.16542279474
20090721	258903	84096	3.07865644186
20090722	241978	80933	2.98985211242
20090723	289849	93857	3.08819471303
20090724	235233	76919	3.05818710827
20090725	311750	98525	3.16416831853
20090726	285848	90280	3.16623486239
20090727	313876	100753	3.1152986856
20090728	482209	152886	3.15404081862
20090729	1612001	510287	3.15900793886
20090730	1810737	572344	3.16372091544
20090731	1732654	528417	3.27895141925
20090801	1791473	568376	3.15191472689
20090802	1807136	566329	3.19096440568
20090803	1855648	585139	3.17129380006
20090804	1885160	594266	3.17224893024
20090805	1801335	562076	3.20478846192
20090806	1226608	392129	3.12807185185
20090807	1399789	419185	3.33931000887
20090808	1789074	552119	3.24037694041
20090809	1996841	630056	3.16930666968
20090810	1618028	505967	3.19789172063
20090811	1714867	539301	3.17979510889
20090812	1592261	499978	3.18466148817
20090813	1558955	483008	3.22759597613
20090814	1613594	491801	3.28098900145
20090815	1547427	469189	3.29808812694
20090816	1522285	470670	3.23429297931
20090817	1683687	514157	3.27465476991
20090818	1706258	535540	3.18605086715
20090819	1770518	554558	3.19266457383
20090820	1751998	546018	3.20868117742
20090821	1613533	501680	3.21625872742
20090822	1543714	478526	3.22597659772
20090823	1514872	469933	3.22359076217
20090824	1332392	429395	3.10295110494
20090825	1136345	364111	3.12087437049
20090826	1381500	438198	3.15268368348
20090827	1480690	463110	3.19727425509
20090828	1266540	393004	3.22271447041
20090829	1768176	553477	3.19466875865
20090830	1662846	525645	3.16343860144
20090831	1288976	406343	3.17213704379
20090901	1380605	443517	3.1128563025
20090902	1173191	376438	3.11655754293
20090903	1235121	392162	3.14951648821
20090904	1701255	536479	3.17114869899
20090905	1706250	537859	3.17229921368
20090906	1222502	392183	3.11717154564
20090907	1545345	484808	3.18753956462
20090908	1343356	440490	3.04968488509
20090909	854245	266360	3.20710571891
20090910	875778	285279	3.06989891653
20090911	797995	255714	3.12065310438
20090912	858918	276318	3.10843915039
20090913	903293	294144	3.07092000146
20090914	908958	302447	3.00534539759
20090915	1133085	377660	3.00027723342
20090916	1169261	373989	3.12645742884
20090917	1201489	384552	3.12438548639
20090918	914657	285520	3.20347674297
20090919	973194	313698	3.10232672751
20090920	970856	326402	2.97441713763
20090921	965684	317447	3.04203125497
20090922	1129454	370445	3.0489106213
20090923	1227365	406304	3.02080387572
20090924	1208235	388600	3.1091988911
20090925	1086629	344127	3.15763855854
20090926	968407	314391	3.0802621321
20090927	1000841	335716	2.98121239941
20090928	1132201	373974	3.02748505846
20090929	908564	304147	2.98725189226
20090930	780806	259320	3.01097369622
20091001	804403	261348	3.0778987871
20091002	738807	232905	3.17213749291
20091003	1008302	325891	3.09398446291
20091004	1089343	363249	2.99888698967
20091005	869170	290137	2.99572167779
20091006	865846	287751	3.00901021751
20091007	1011121	334891	3.01925312437
20091008	774797	253902	3.05155806116
20091009	582873	187036	3.11636630576
20091010	853099	273001	3.12489217076
20091011	1033445	342778	3.01490964563
20091012	766591	252561	3.03526948528
20091013	873446	293366	2.97732423753
20091014	1015606	335311	3.02884694244
20091015	935694	308863	3.02947810859
20091016	906326	297815	3.04325066123
20091017	1013570	330943	3.06267149851
20091018	1017721	345701	2.94393335746
20091019	1003597	339033	2.9601740951
20091020	946988	316014	2.99666375646
20091021	1021590	339810	3.00635560862
20091022	1115225	361045	3.08888003189
20091023	739325	232768	3.17622990436
20091024	1010795	323765	3.12200110512
20091025	832298	274433	3.03279014084
20091026	978944	317990	3.07853609279
20091027	568578	189139	3.00613675332
20091028	758462	249954	3.03440511678
20091029	589322	192312	3.06440416386
20091030	748922	234961	3.18742974901
20091031	833194	267546	3.11420723382
20091101	675083	225215	2.99750327576
20091102	649577	212751	3.05322510671
20091103	620738	202854	3.06002195667
20091104	751153	245507	3.05959786906
20091105	758744	247310	3.06798630545
20091106	749314	235322	3.18420581832
20091107	673675	217106	3.10297591823
20091108	703580	225211	3.1240911305
20091109	617054	201805	3.05767297259
20091110	776169	251273	3.08894585214
20091111	825260	255523	3.2296884313
20091112	734939	233028	3.15386427645
20091113	667766	210799	3.16778392318
20091114	818920	260940	3.13834477721
20091115	830148	270210	3.07223157091
20091116	597228	196351	3.04163307463
20091117	749046	243976	3.07016138056
20091118	756056	245275	3.08248167058
20091119	676626	223087	3.03301266635
20091120	860399	281704	3.05426509589
20091121	908736	299091	3.03832511232
20091122	831715	273685	3.03894877726
20091123	698799	228327	3.06051712653
20091124	775627	248997	3.11500415065
20091125	849877	263178	3.22928465552
20091126	902003	240695	3.74749215917
20091127	893773	285254	3.13325207245
20091128	926744	301250	3.07632760952
20091129	836772	268927	3.11151981336
20091130	759606	245962	3.08830506814
20091201	584366	186763	3.12891572265
20091202	763065	246977	3.08961843021
20091203	534196	172125	3.10353341843
20091204	620378	193406	3.20764443314
20091205	802083	254813	3.1477306308
20091206	692503	225277	3.0740053028
20091207	682435	223403	3.05472484491
20091208	763439	247290	3.08722023243
20091209	760805	248038	3.06729087185
20091210	686083	219425	3.12672980438
20091211	847303	271127	3.12511364596
20091212	675061	216506	3.11797681451
20091213	542124	177168	3.05994137771
20091214	565096	184339	3.06552435159
20091215	725208	236081	3.0718596279
20091216	595786	195954	3.04043651039
20091217	651324	210468	3.09464474664
20091218	641056	199927	3.20644875057
20091219	584557	190542	3.06786269281
20091220	698517	233225	2.99503355342
20091221	592885	191264	3.09982375156
20091222	705893	224462	3.14482043962
20091223	586240	187310	3.12978317774
20091224	766535	209409	3.66046652223
20091225	852171	198976	4.28278069577
20091226	734507	223745	3.28278474031
20091227	668598	219591	3.04474088431
20091228	514163	167217	3.07482308927
20091229	563359	184631	3.05126817746
20091230	663008	213801	3.10105046232
20091231	720010	205377	3.50579494988
