20081025	2668.5	1368.5	1.94980271811
20090607	8.0	3.0	2.58064516129
20090608	25.5	7.0	3.59154929577
20090611	73525.5	34884.0	2.10770809624
20090612	316754.0	144418.5	2.19330474053
20090613	260703.0	122455.0	2.12896808708
20090614	251519.5	119732.5	2.10067684156
20090615	287810.0	135037.5	2.13133231041
20090616	256072.0	124180.0	2.06210173772
20090617	240376.0	114296.5	2.10308968071
20090618	220113.5	103913.5	2.1182357266
20090619	218425.0	101433.0	2.15338977119
20090620	229716.5	111968.0	2.0516245252
20090621	284677.5	125074.5	2.27606164641
20090622	241233.0	116354.0	2.07326600438
20090623	250739.5	123705.5	2.02690500673
20090624	172524.5	84265.0	2.0474015933
20090625	314763.0	159068.5	1.9787877683
20090626	309915.0	160059.5	1.93624749781
20090627	301478.0	142101.5	2.12156654112
20090628	204050.5	97075.5	2.10197516163
20090629	293787.0	145768.5	2.01543405095
20090630	305069.0	146524.0	2.08203974636
20090701	340295.0	160284.5	2.12306734396
20090702	208814.5	97008.5	2.15253596073
20090703	83508.5	34610.0	2.41283613743
20090704	69040.5	29133.0	2.36983019315
20090705	63524.5	27942.5	2.27339259768
20090706	147664.0	69914.5	2.11206243045
20090707	282428.5	137734.0	2.05053432665
20090708	148057.5	70643.5	2.09583741485
20090709	81669.0	37469.5	2.17960693469
20090710	190275.5	91183.0	2.08674085439
20090711	309150.0	151459.0	2.04114510122
20090712	204044.5	98750.5	2.06626086323
20090713	110437.0	56334.0	1.96039343843
20090714	277813.5	129710.0	2.14180314409
20090715	18.0	10.5	1.69811320755
20090716	135858.0	62641.0	2.16883164568
20090717	160366.5	74977.0	2.13887306924
20090718	314974.0	149223.5	2.1107519186
20090719	304255.0	143774.0	2.11620173592
20090720	252800.5	120823.0	2.09231926676
20090721	326597.5	161170.0	2.02641494917
20090722	301567.0	152107.0	1.98259647314
20090723	362498.0	178091.0	2.03546387214
20090724	294708.5	143296.5	2.05663288592
20090725	403470.5	192196.0	2.09926476136
20090726	371700.0	177120.5	2.09857012679
20090727	406634.5	196497.0	2.06941730947
20090728	636930.0	308724.5	2.06310089964
20090729	2219717.5	1092401.0	2.03196197807
20090730	2464447.5	1213205.5	2.03135189946
20090731	2370660.0	1128425.0	2.10085720355
20090801	2443305.5	1195121.5	2.04439908039
20090802	2472516.5	1197710.0	2.06436975024
20090803	2542069.0	1249000.5	2.03528244902
20090804	2576683.5	1265804.0	2.03561001264
20090805	2476800.0	1205767.0	2.05412803186
20090806	1669064.0	827310.0	2.01745874975
20090807	1925877.5	902410.0	2.13414887533
20090808	2442630.5	1170719.0	2.08643602039
20090809	2720688.0	1327547.5	2.04940900048
20090810	2241163.0	1096138.0	2.04459912487
20090811	2349392.5	1151764.0	2.03982091472
20090812	2213872.0	1081444.5	2.04714323785
20090813	2167670.5	1050604.5	2.06326005045
20090814	2237390.0	1063058.5	2.10467231063
20090815	2142091.5	1003962.5	2.13363675101
20090816	2106478.0	1012269.5	2.0809456295
20090817	2343294.0	1121732.0	2.08899611592
20090818	2360654.0	1158698.0	2.03733310687
20090819	2454362.5	1203474.5	2.03939700929
20090820	2424191.5	1175989.5	2.06140556005
20090821	2224749.5	1069568.5	2.08004376718
20090822	2120458.0	1020203.0	2.07846653279
20090823	2096288.0	1004751.0	2.08637542173
20090824	1841930.0	910651.0	2.02265170492
20090825	1577963.5	778932.5	2.02580236082
20090826	1911242.5	938684.0	2.03608700733
20090827	2028507.5	983294.0	2.06297129211
20090828	1734706.0	835172.0	2.07706411649
20090829	2415263.0	1165060.5	2.07307928875
20090830	2256900.5	1101975.5	2.0480494305
20090831	1785846.0	873032.0	2.04556739666
20090901	1901768.0	937983.0	2.02750774508
20090902	1598529.0	790819.0	2.02135861413
20090903	1701744.5	841400.5	2.02251400819
20090904	2319911.5	1131672.0	2.04998559212
20090905	2316559.0	1120216.5	2.06795632202
20090906	1670004.5	822498.0	2.0304052982
20090907	2132745.0	1036574.0	2.05749400839
20090908	1844627.5	933790.5	1.97541879304
20090909	1181783.5	571858.0	2.0665677377
20090910	1224442.5	616423.5	1.98636538251
20090911	1099235.5	540897.5	2.03224325639
20090912	1178079.0	581237.5	2.02684582002
20090913	1247072.0	621114.5	2.00779695084
20090914	1281012.5	666770.5	1.92121923192
20090915	1557567.5	797010.0	1.95426318939
20090916	1624329.0	792845.5	2.04873306984
20090917	1643011.5	803973.0	2.04361501647
20090918	1227820.0	584138.5	2.10193265776
20090919	1309351.0	632544.5	2.06997419629
20090920	1305157.5	650812.5	2.00542752245
20090921	1308173.5	653442.5	2.00197155802
20090922	1523631.5	762620.0	1.99789056176
20090923	1666456.0	846548.5	1.96852962724
20090924	1653195.0	813073.0	2.03326736551
20090925	1460853.5	703872.0	2.07545305461
20090926	1291336.5	636185.5	2.02981095454
20090927	1341526.5	681244.5	1.96922882031
20090928	1540791.5	775760.5	1.98616880001
20090929	1232179.5	627455.0	1.96377318473
20090930	1077099.0	544045.5	1.97979544362
20091001	1102808.0	541834.0	2.03532409643
20091002	1011295.5	487264.0	2.07545661583
20091003	1389262.5	680167.5	2.04252966475
20091004	1506108.0	759723.0	1.98244334021
20091005	1209296.0	616125.0	1.96274425437
20091006	1208204.0	613295.0	1.97002063118
20091007	1402367.0	708315.5	1.97986180172
20091008	1083476.5	537655.5	2.01518685939
20091009	837275.0	402652.0	2.07940055447
20091010	1191225.0	576257.5	2.06717447197
20091011	1432131.0	715845.5	2.0006143783
20091012	1073100.0	538026.0	1.9945129056
20091013	1210263.5	615815.5	1.96530178839
20091014	1398544.0	702956.0	1.98951826437
20091015	1293375.5	651250.5	1.98598742174
20091016	1253224.5	625250.5	2.00435553361
20091017	1396060.0	686599.0	2.03329715987
20091018	1393362.5	710155.5	1.96205240091
20091019	1382341.5	709324.5	1.9488137025
20091020	1307809.5	666418.5	1.96244447559
20091021	1431851.5	724202.0	1.97714353493
20091022	1536057.0	756126.0	2.03148257943
20091023	995849.0	475731.5	2.0933000877
20091024	1356616.5	652169.5	2.08015905679
20091025	1096976.0	542293.5	2.0228451894
20091026	1334287.0	653621.0	2.04137687722
20091027	770914.5	386946.5	1.99230203858
20091028	1052158.0	522573.5	2.01341590926
20091029	818602.0	404564.0	2.02341730272
20091030	1019567.0	489176.5	2.08425137261
20091031	1150268.5	568932.0	2.02180277752
20091101	904328.5	460404.5	1.96420387633
20091102	878116.5	436029.0	2.01389425614
20091103	852751.0	420785.0	2.02657128306
20091104	1044253.5	518707.5	2.0131833426
20091105	1055465.0	519943.5	2.02996055726
20091106	1036407.0	494982.5	2.09382511628
20091107	912237.5	442935.0	2.05952858556
20091108	976276.0	471042.0	2.07258756701
20091109	847265.5	419065.0	2.02179923835
20091110	1066500.0	526166.5	2.02692455203
20091111	1148006.5	531764.5	2.15886221084
20091112	1012750.0	486339.5	2.08239263264
20091113	910902.0	435310.0	2.0925358727
20091114	1115657.0	533889.5	2.08967734153
20091115	1125194.5	545596.5	2.0623194866
20091116	821018.5	409003.0	2.00736498085
20091117	1039270.5	511107.0	2.03337128363
20091118	1042706.5	510222.5	2.04363056439
20091119	942140.5	469962.5	2.00471377935
20091120	1192325.5	583899.0	2.04200605892
20091121	1231947.5	602165.5	2.04586163673
20091122	1128946.0	551402.0	2.04740968524
20091123	945043.5	467308.0	2.02231354432
20091124	1062311.5	516231.5	2.05781959105
20091125	1174407.0	546418.5	2.14928078949
20091126	1331567.5	507953.0	2.62143788472
20091127	1228115.5	576665.0	2.12968584366
20091128	1261172.5	612235.5	2.05994636705
20091129	1144357.5	549782.0	2.08147464241
20091130	1035311.0	508787.5	2.03485894703
20091201	800639.5	387008.5	2.0687899442
20091202	1046448.0	514838.0	2.03257684309
20091203	711029.0	345769.5	2.05636643592
20091204	849310.5	400445.0	2.1209162005
20091205	1090711.0	519880.0	2.09800490536
20091206	942383.5	456893.0	2.06259078984
20091207	934013.0	462168.5	2.02093564989
20091208	1044344.0	512949.0	2.03596029314
20091209	1042122.0	514622.5	2.02502183153
20091210	945491.5	456233.5	2.07238462928
20091211	1153917.0	555196.0	2.07839536337
20091212	902987.0	434052.0	2.08036546765
20091213	716817.0	345870.0	2.07250352083
20091214	743566.5	366404.5	2.02935907464
20091215	974653.0	479968.0	2.03066203775
20091216	792077.5	391174.0	2.02487204547
20091217	876521.0	427227.0	2.05165121782
20091218	865222.5	406205.5	2.13001125538
20091219	775191.0	377500.0	2.05348554875
20091220	933277.5	466606.0	2.00013994673
20091221	797673.0	386808.0	2.06219311333
20091222	965588.5	461214.0	2.09357974962
20091223	789228.5	371903.0	2.12213477113
20091224	1104990.0	433000.5	2.55193641764
20091225	1265246.0	417150.5	3.03306767388
20091226	1008406.5	452572.0	2.22816762235
20091227	887898.0	435349.5	2.03950572138
20091228	684203.0	333763.0	2.04996597886
20091229	759804.0	375458.0	2.02367188243
20091230	901211.5	437534.5	2.05974910327
20091231	1052886.5	435453.0	2.41791021812
